0 23
1 36
2 37
3 18
4 31
5 26
6 15
7 37
8 41
9 8
10 23
11 17
12 2
13 43
14 35
15 37
16 4
17 11
18 42
19 18
20 28
21 3
22 9
23 28
24 1
25 2
26 34
27 22
28 28
29 32
30 23
31 30
32 10
33 9
34 23
35 19
36 38
37 8
38 32
39 11
40 9
41 43
42 0
43 12
44 33
45 4
46 40
47 30
48 39
49 0
50 29
51 32
52 23
53 30
54 8
55 44
56 11
57 44
58 10
59 19
60 28
61 45
62 48
63 23
64 6
65 17
66 29
67 14
68 2
69 33
70 29
71 21
72 6
73 7
74 46
75 29
76 44
77 1
78 29
79 47
80 28
81 11
82 30
83 14
84 9
85 43
86 8
87 18
88 12
89 1
90 43
91 1
92 9
93 2
94 48
95 9
96 7
97 33
98 41
99 2
100 14
101 44
102 10
103 36
104 27
105 9
106 37
107 48
108 12
109 30
110 14
111 15
112 29
113 44
114 34
115 4
116 20
117 18
118 40
119 9
120 41
121 21
122 3
123 9
124 43
125 25
126 20
127 41
128 3
129 41
130 40
131 6
132 13
133 23
134 30
135 46
136 10
137 13
138 41
139 5
140 0
141 9
142 19
143 5
144 17
145 12
146 43
147 43
148 12
149 7
150 32
151 1
152 23
153 30
154 36
155 27
156 27
157 10
158 38
159 32
160 12
161 24
162 29
163 31
164 10
165 9
166 41
167 38
168 3
169 10
170 35
171 11
172 25
173 15
174 12
175 19
176 17
177 41
178 34
179 29
180 24
181 47
182 40
183 9
184 41
185 23
186 22
187 0
188 4
189 16
190 42
191 15
192 48
193 30
194 15
195 19
196 44
197 8
198 33
199 13
